Feature	Gain	Cover	Frequency
cliente_edad	0.132994486959456	0.0113255589096124	0.0244897959183673
minversion2	0.112588438823606	0.00524226798112269	0.00136054421768707
Master_mpagospesos	0.0959821226744068	0.0162539132847373	0.0119047619047619
Master_cconsumos	0.0518715637570785	0.00401419208803732	0.00476190476190476
ctarjeta_visa_trx	0.0511248554242772	0.0486948105737555	0.0173469387755102
Visa_msaldopesos	0.0498161282857707	0.0046085363230156	0.0149659863945578
Visa_mpagospesos	0.0475803398524039	0.0105715012409972	0.0187074829931973
mpayroll	0.0418201058777085	0.149394980086369	0.0397959183673469
mtransferencias_recibidas	0.0401002806960386	0.0170026777335465	0.0129251700680272
ctrx_quarter	0.0343312902032205	0.047618722213805	0.0326530612244898
mrentabilidad_annual	0.0328627158805499	0.0173592916092491	0.0350340136054422
Visa_msaldototal	0.0294007760071058	0.00851329445330954	0.0139455782312925
ctarjeta_visa_debitos_automaticos	0.0288017184934643	0.000617766427006462	0.00510204081632653
Visa_mconsumospesos	0.0287681373041179	0.019663688128281	0.0210884353741497
mautoservicio	0.026385036426878	0.00231305148351837	0.0112244897959184
mactivos_margen	0.0247308326465901	0.0370797504367884	0.026530612244898
mcomisiones_otras	0.02082794190382	0.00560717008552841	0.00918367346938776
Master_msaldototal	0.0137449316528993	0.00196268434065833	0.00510204081632653
mtarjeta_visa_descuentos	0.0133997063579377	0.0233602136808046	0.0163265306122449
chomebanking_trx	0.0125613822766306	0.0276972677279528	0.0204081632653061
numero_de_cliente	0.0125144068273569	0.0154326696206175	0.0360544217687075
mtarjeta_visa_consumo	0.00995234208026885	0.0222830740116086	0.0136054421768707
Visa_mpagominimo	0.00833015579733541	0.00482337014488582	0.0119047619047619
mcaja_ahorro	0.00817012898425098	0.00690158848181679	0.0136054421768707
mcuenta_debitos_automaticos	0.00749150598957053	0.0233763867288491	0.0112244897959184
Visa_mlimitecompra	0.00735302262833317	0.00400587941028202	0.0054421768707483
mtransferencias_emitidas	0.00586390924009131	0.00158867496430011	0.00884353741496599
mprestamos_personales	0.00542058211609836	0.0279168813395323	0.0136054421768707
mcuentas_saldo	0.00541304526699018	0.0174687500160447	0.0275510204081633
Master_mfinanciacion_limite	0.0037990698869019	0.0122028031278455	0.022108843537415
Visa_mpagado	0.00373349608427291	0.00677969773196656	0.00646258503401361
mcomisiones	0.00357247075344543	0.00391481891528308	0.0159863945578231
mtarjeta_visa_debitos_automaticos	0.00269487957731825	0.0172234037770021	0.0153061224489796
cliente_antiguedad	0.00203416373280454	0.0083771743550664	0.0231292517006803
Master_Fvencimiento	0.00197812347267087	0.0119024220722523	0.027891156462585
ctransferencias_emitidas	0.00196575660210989	0.00213924317127581	0.00680272108843537
cextraccion_autoservicio	0.00173956556360883	0.00443183079808479	0.00408163265306122
Visa_mfinanciacion_limite	0.00169210756203896	0.00747506545072402	0.0108843537414966
Visa_cconsumos	0.00161961592370056	0.00196806313214705	0.00714285714285714
Master_fechaalta	0.00159885750066367	0.0138423810188707	0.0285714285714286
Visa_Fvencimiento	0.00159235753591766	0.00698706236838311	0.0248299319727891
mpagomiscuentas	0.00132512845245205	0.0160748239772149	0.00850340136054422
mcaja_ahorro_dolares	0.00122998136780901	0.0116612077230351	0.0139455782312925
cproductos	0.00111512182833013	0.00426358464522261	0.00816326530612245
mpasivos_margen	0.00103115579900822	0.00799614810072061	0.0204081632653061
mttarjeta_master_debitos_automaticos	0.00100461733228803	0.00100711758363367	0.00306122448979592
matm	0.000606514109301501	0.000641188619034648	0.00272108843537415
ctarjeta_visa_trx2	0.000549882308028186	0.000342408976361947	0.00374149659863946
mrentabilidad	0.000531992003888623	0.0103685741075589	0.0214285714285714
cpayroll_trx	0.000490647372033591	0.0251334545403247	0.00816326530612245
Visa_msaldodolares	0.000465563258943734	0.005328181950629	0.00816326530612245
mcuenta_corriente	0.000400907478978674	0.0213936297163169	0.0255102040816327
Visa_fechaalta	0.000350480416732584	0.0147460424380292	0.022108843537415
Master_msaldopesos	0.000316782548315903	0.00654469344201361	0.0054421768707483
mextraccion_autoservicio	0.000294232108944915	0.00357112636367951	0.00374149659863946
Visa_mconsumosdolares	0.00021950072514544	0.00322942640983198	0.00476190476190476
Master_mpagosdolares	0.000174754085008057	0.00400080623194606	0.00374149659863946
Master_mconsumospesos	0.000144217681749908	0.000854592171349911	0.00340136054421769
ccheques_depositados	0.000131498138769545	0.0028315669830317	0.00204081632653061
ccomisiones_otras	0.000131014216520953	0.0180065191441824	0.00918367346938776
ctarjeta_visa_descuentos	0.000109999944341399	0.00779055602059011	0.00408163265306122
Master_mpagominimo	0.000106442111753943	0.00229871211439047	0.00408163265306122
Master_msaldodolares	0.000103378959657527	0.0037979891192427	0.00306122448979592
ccajas_trx	0.000100643034579803	5.10985191429111e-06	0.000340136054421769
mcajeros_propios_descuentos	8.28594937416605e-05	0.00119399391428862	0.00272108843537415
ctarjeta_debito	7.71581691839848e-05	0.00126751221431863	0.00578231292517007
Visa_mpagosdolares	6.54284844027777e-05	0.00548372682086211	0.00476190476190476
catm_trx	5.31130753233208e-05	0.00272935772021977	0.00136054421768707
cpagomiscuentas	5.03425285644482e-05	0.0011162703772765	0.00306122448979592
cprestamos_personales	4.75877746414033e-05	0.000759118622424998	0.00238095238095238
cinversion2	4.66572764724865e-05	0.00387640945424312	0.00170068027210884
mcheques_depositados	4.28669143291918e-05	0.000730024250281427	0.00272108843537415
mplazo_fijo_dolares	3.26376020229867e-05	0.0100029874296909	0.00374149659863946
ctarjeta_debito_trx	3.11540338423155e-05	0.00440010815282741	0.0054421768707483
ccuenta_corriente	2.77338154537982e-05	3.33729562823319e-06	0.000340136054421769
Visa_fultimo_cierre	2.76089575733329e-05	0.000152574310388199	0.00374149659863946
active_quarter	2.14787754052778e-05	0.000151963084082662	0.00170068027210884
ctarjeta_master_trx	1.94462407221019e-05	0.00363929032127302	0.00170068027210884
ccomisiones_mantenimiento	1.85026492806047e-05	0.00218860580771099	0.00340136054421769
ccuenta_debitos_automaticos	1.66152787322792e-05	0.000806268619634139	0.00340136054421769
ccajas_depositos	1.60490400086452e-05	0.000267839367086407	0.000680272108843537
ctransferencias_recibidas	1.29495325182951e-05	0.00419846459463068	0.0054421768707483
Master_mpagado	1.16776071881547e-05	0.0114257266765638	0.00306122448979592
ccaja_seguridad	9.14871095299224e-06	0.00946098861551887	0.00476190476190476
Master_fultimo_cierre	7.72081965791137e-06	0.00359825258711925	0.00510204081632653
mtarjeta_master_consumo	6.41817556219027e-06	0.00114805414516444	0.00272108843537415
ccajas_consultas	6.23674348469923e-06	0.00177068593356298	0.00170068027210884
Master_Finiciomora	6.16521593347748e-06	0.00386980821014332	0.00204081632653061
matm_other	6.0572906482495e-06	0.00660195312231634	0.00238095238095238
mcaja_ahorro_adicional	6.00225093934157e-06	0.00210505117174405	0.00374149659863946
mdescubierto_preacordado	5.81020460876793e-06	0.00130084849702263	0.00272108843537415
ccaja_ahorro	5.18423785508168e-06	0.00182947367962955	0.00272108843537415
tpaquete7	4.57786557887196e-06	0.00631157172908172	0.00408163265306122
minversion1_pesos	4.55964247811184e-06	0.000662752683094001	0.000680272108843537
catm_trx_other	4.47615655592754e-06	0.000977216392766787	0.00102040816326531
mcomisiones_mantenimiento	4.46671596743359e-06	0.00396029415241505	0.00306122448979592
ccallcenter_trx	4.44538163868939e-06	0.0018801687894108	0.00272108843537415
thomebanking	4.37436689363863e-06	0.000173099289728139	0.00102040816326531
Visa_delinquency	4.09379697826066e-06	0.000279122604686624	0.00102040816326531
ccajeros_propios_descuentos	4.04354555060456e-06	0.000471035440099199	0.000680272108843537
cforex	3.55890141206495e-06	0.000969649411104236	0.000680272108843537
cforex_buy	3.50458036929754e-06	0.00254316596302702	0.00136054421768707
tpaquete9	3.31381979685918e-06	0.000241801126470522	0.00204081632653061
ctarjeta_master_debitos_automaticos	3.17313053840414e-06	0.00186351898484797	0.00306122448979592
cmobile_app_trx	3.13569734398701e-06	3.54511257211584e-06	0.000680272108843537
cpagodeservicios	2.8958435187495e-06	0.00114729622454557	0.00102040816326531
ctarjeta_master	2.72016275766106e-06	0.000403458259759004	0.000680272108843537
Master_mlimitecompra	2.16606494755834e-06	0.00196923668665369	0.00238095238095238
mprestamos_hipotecarios	2.15218021924289e-06	0.0155464677341824	0.00374149659863946
mtarjeta_master_descuentos	2.01835377308403e-06	0.000266421322057561	0.000680272108843537
mprestamos_prendarios	1.98502592062908e-06	0.000554528953435582	0.000680272108843537
mpagodeservicios	1.84669526363649e-06	4.86047158163193e-05	0.000680272108843537
tcuentas	1.80606113769284e-06	0.00181336175421559	0.00170068027210884
cseguro_vida	1.69761627850659e-06	0.000143271446017923	0.00102040816326531
ctarjeta_visa	1.67419918255279e-06	7.30659925639186e-05	0.00102040816326531
cliente_vip	1.34490557088965e-06	0.00275669176060339	0.00136054421768707
mcheques_emitidos	1.30880541527495e-06	0.00720302084665552	0.00204081632653061
mforex_buy	1.10074290637375e-06	0.00205429493933224	0.00102040816326531
tmobile_app	7.49292376201897e-07	6.24428793736818e-05	0.000680272108843537
Master_mconsumosdolares	6.7587098171125e-07	0.00134357321577968	0.000680272108843537
Visa_Finiciomora	5.83102790885133e-07	0.000631323426463278	0.000340136054421769
ccajas_otras	5.42068382894129e-07	0.000284782560275899	0.000680272108843537
cprestamos_prendarios	5.30936774980902e-07	0.000418457753296887	0.000340136054421769
cforex_sell	4.8962615736223e-07	5.73330274593907e-06	0.000340136054421769
internet	4.20570769527551e-07	0.000941679695362853	0.000680272108843537
mforex_sell	4.01847051237771e-07	0.000318228863714895	0.000680272108843537
cseguro_accidentes_personales	3.75290375460257e-07	0.000360171212800859	0.000680272108843537
cplazo_fijo	3.35948797520029e-07	0.00298712407779092	0.000680272108843537
Master_status	3.0371972237639e-07	9.80529239342799e-05	0.000340136054421769
cseguro_vivienda	2.92806648853204e-07	7.43128942272145e-05	0.000340136054421769
cinversion1	2.91609468135889e-07	0.000196643727017433	0.000340136054421769
Visa_status	1.46240367591348e-07	5.20764812317706e-05	0.000340136054421769
